13 Ft._Worth_Northwest/A302 32.805556 -97.356389 ozone 62 55 60 50 60 64 67 51 49 59 58 69 65 76 58 55 42 35 43 56 54 61 47 55
17 Keller 32.922500 -97.281944 ozone 67 55 58 48 57 69 69 55 47 58 54 69 72 83 60 55 44 36 44 53 51 62 49 52
31 Frisco 33.1325 -96.786111 ozone 66 54 50 44 58 71 71 61 49 59 60 61 69 81 71 58 50 40 42 52 49 59 51 55
56 Denton_Airport_South 33.1944444 -97.193333 ozone 65 55 62 -1 60 63 72 53 48 61 59 63 73 89 67 58 41 34 51 54 53 64 52 58
61 Arlington_Municipal_Airport 32.656111 -97.088333 ozone 64 48 46 48 54 60 62 49 47 60 55 63 62 67 55 48 35 29 36 56 53 54 44 54
63 Dallas_North_No.2 32.919167 -96.808333 ozone 44 63 64 52 50 44 55 68 72 61 46 62 60 62 66 77 68 56 47 39 43 54 50 60
69 Rockwall_Heath 32.936111 -96.459167 ozone 47 61 64 50 46 44 57 70 67 52 45 58 54 57 66 70 67 59 51 37 38 55 48 57
70 Grapevine_Fairway 32.984167 -97.063611 ozone 49 60 62 50 58 45 57 62 68 54 47 60 58 66 66 79 60 52 39 34 43 51 52 61
71 Kaufman 32.565000 -96.317500 ozone 49 63 64 50 46 48 57 66 65 47 47 59 55 55 62 65 65 58 47 37 39 60 46 57
73 Granbury 32.441944 -97.803333 ozone 51 59 64 56 65 49 63 70 68 54 48 58 58 71 68 75 55 54 43 38 40 56 54 56
74 Sunnyvale_Long_Creek 32.769167 -96.546111 ozone 50 63 65 51 50 -1 59 67 70 53 48 63 60 64 65 74 66 57 51 39 46 61 50 61
75 Eagle_Mountain_Lake 32.988056 -97.476389 ozone 50 63 65 59 61 50 61 70 71 53 50 59 58 69 72 85 59 56 43 37 45 54 53 64
76 Parker_County 32.868611 -97.905833 ozone 51 60 61 57 64 49 63 68 68 54 50 59 56 70 65 80 55 55 44 40 42 55 51 62
77 Cleburne_Airport 32.353333 -97.436667 ozone 51 60 67 57 64 50 63 75 71 54 48 61 60 71 68 73 59 53 44 41 44 60 58 57
94 Midlothian_Tower 32.436667 -97.024444 ozone 48 60 65 -1 -1 51 57 66 70 53 48 61 60 67 67 70 60 53 42 37 47 62 53 55
401 Dallas_Hinton_St. 32.820000 -96.860000 ozone 45 60 61 47 47 42 56 64 69 55 43 55 55 61 60 71 61 52 42 34 35 51 47 57
402 Dallas_Executive_Airport 32.676667 -96.871667 ozone 51 63 64 52 52 48 61 71 77 60 47 61 64 68 69 74 63 55 43 34 42 58 51 57
1006 Greenville 33.153056 -96.115556 ozone 47 58 68 57 50 49 56 77 68 52 49 54 53 58 69 72 71 60 47 39 40 -1 -1 -1